Number of Bits on Plaintext:    816

___________________________________________________________

Avalanche Effect (Plaintext)
___________________________________________________________

Plaintext Bit Change        Ciphertext Bit Change (%)
----------------------------------------------------------
                   1                       1.838235 
                   2                       1.838235 
                   3                       1.838235 
                   4                       1.960784 
                   5                       1.838235 
                   6                       1.715686 
                   7                       1.838235 
                   8                       1.960784 
                   9                       1.715686 
                  10                       1.838235 
                  11                       1.960784 
                  12                       1.960784 
                  13                       1.960784 
                  14                       1.838235 
                  15                       1.593137 
                  16                       1.838235 
                  17                       1.593137 
                  18                       1.960784 
                  19                       1.838235 
                  20                       1.960784 
                  21                       1.715686 
                  22                       1.838235 
                  23                       1.838235 
                  24                       1.715686 
                  25                       1.960784 
                  26                       1.715686 
                  27                       1.838235 
                  28                       1.960784 
                  29                       1.838235 
                  30                       1.715686 
                  31                       1.960784 
                  32                       1.715686 
                  33                       1.838235 
                  34                       1.960784 
                  35                       1.593137 
                  36                       1.838235 
                  37                       1.715686 
                  38                       1.715686 
                  39                       1.715686 
                  40                       1.715686 
                  41                       1.960784 
                  42                       1.960784 
                  43                       1.960784 
                  44                       1.593137 
                  45                       1.838235 
                  46                       1.960784 
                  47                       1.838235 
                  48                       1.838235 
                  49                       1.838235 
                  50                       1.960784 
                  51                       1.470588 
                  52                       1.960784 
                  53                       1.838235 
                  54                       1.838235 
                  55                       1.960784 
                  56                       1.960784 
                  57                       1.715686 
                  58                       1.960784 
                  59                       1.593137 
                  60                       1.960784 
                  61                       1.838235 
                  62                       1.960784 
                  63                       1.838235 
                  64                       1.593137 
                  65                       3.308824 
                  66                       3.308824 
                  67                       3.553922 
                  68                       3.553922 
                  69                       3.431373 
                  70                       3.063725 
                  71                       3.308824 
                  72                       3.553922 
                  73                       3.431373 
                  74                       3.186275 
                  75                       3.431373 
                  76                       3.553922 
                  77                       3.308824 
                  78                       3.431373 
                  79                       3.431373 
                  80                       3.553922 
                  81                       3.431373 
                  82                       3.308824 
                  83                       3.553922 
                  84                       3.553922 
                  85                       3.553922 
                  86                       3.553922 
                  87                       3.553922 
                  88                       3.431373 
                  89                       3.431373 
                  90                       3.431373 
                  91                       3.431373 
                  92                       3.308824 
                  93                       3.553922 
                  94                       3.553922 
                  95                       3.553922 
                  96                       3.186275 
                  97                       3.431373 
                  98                       3.431373 
                  99                       3.186275 
                 100                       3.431373 
                 101                       3.431373 
                 102                       3.553922 
                 103                       3.431373 
                 104                       3.431373 
                 105                       3.308824 
                 106                       3.431373 
                 107                       3.431373 
                 108                       3.431373 
                 109                       3.431373 
                 110                       3.553922 
                 111                       3.553922 
                 112                       3.431373 
                 113                       3.431373 
                 114                       3.431373 
                 115                       3.308824 
                 116                       3.431373 
                 117                       3.431373 
                 118                       3.553922 
                 119                       3.431373 
                 120                       3.431373 
                 121                       3.431373 
                 122                       3.431373 
                 123                       3.431373 
                 124                       3.308824 
                 125                       3.431373 
                 126                       3.553922 
                 127                       3.553922 
                 128                       3.431373 
                 129                       5.147059 
                 130                       5.147059 
                 131                       5.147059 
                 132                       5.392157 
                 133                       5.392157 
                 134                       5.147059 
                 135                       5.392157 
                 136                       5.269608 
                 137                       5.269608 
                 138                       5.392157 
                 139                       5.392157 
                 140                       5.269608 
                 141                       5.269608 
                 142                       5.269608 
                 143                       5.269608 
                 144                       5.392157 
                 145                       5.269608 
                 146                       5.269608 
                 147                       5.392157 
                 148                       5.392157 
                 149                       5.269608 
                 150                       5.147059 
                 151                       5.269608 
                 152                       5.269608 
                 153                       5.269608 
                 154                       5.147059 
                 155                       5.392157 
                 156                       5.269608 
                 157                       5.269608 
                 158                       5.269608 
                 159                       5.392157 
                 160                       5.392157 
                 161                       5.392157 
                 162                       5.392157 
                 163                       5.392157 
                 164                       5.392157 
                 165                       5.024510 
                 166                       5.392157 
                 167                       5.269608 
                 168                       5.147059 
                 169                       5.269608 
                 170                       5.269608 
                 171                       5.269608 
                 172                       5.269608 
                 173                       5.147059 
                 174                       5.392157 
                 175                       5.269608 
                 176                       5.147059 
                 177                       5.147059 
                 178                       5.024510 
                 179                       5.392157 
                 180                       5.269608 
                 181                       5.269608 
                 182                       5.147059 
                 183                       5.269608 
                 184                       5.269608 
                 185                       5.269608 
                 186                       5.269608 
                 187                       5.269608 
                 188                       5.269608 
                 189                       5.147059 
                 190                       5.392157 
                 191                       5.269608 
                 192                       5.392157 
                 193                       7.107843 
                 194                       7.352941 
                 195                       7.107843 
                 196                       7.107843 
                 197                       7.230392 
                 198                       7.107843 
                 199                       7.230392 
                 200                       7.352941 
                 201                       7.107843 
                 202                       7.230392 
                 203                       6.985294 
                 204                       7.352941 
                 205                       7.230392 
                 206                       7.352941 
                 207                       7.352941 
                 208                       7.352941 
                 209                       7.352941 
                 210                       7.230392 
                 211                       7.352941 
                 212                       7.352941 
                 213                       7.230392 
                 214                       6.985294 
                 215                       7.352941 
                 216                       7.352941 
                 217                       7.230392 
                 218                       7.352941 
                 219                       7.107843 
                 220                       6.985294 
                 221                       7.230392 
                 222                       6.985294 
                 223                       7.230392 
                 224                       7.352941 
                 225                       6.985294 
                 226                       7.230392 
                 227                       7.352941 
                 228                       7.230392 
                 229                       6.985294 
                 230                       7.230392 
                 231                       7.230392 
                 232                       7.352941 
                 233                       7.107843 
                 234                       7.230392 
                 235                       7.352941 
                 236                       7.107843 
                 237                       7.352941 
                 238                       6.985294 
                 239                       7.230392 
                 240                       7.107843 
                 241                       7.230392 
                 242                       7.352941 
                 243                       7.107843 
                 244                       7.352941 
                 245                       6.985294 
                 246                       7.352941 
                 247                       7.230392 
                 248                       7.352941 
                 249                       7.230392 
                 250                       7.352941 
                 251                       7.107843 
                 252                       7.352941 
                 253                       7.352941 
                 254                       7.230392 
                 255                       7.107843 
                 256                       7.107843 
                 257                       8.823529 
                 258                       8.823529 
                 259                       9.068627 
                 260                       9.068627 
                 261                       9.068627 
                 262                       9.068627 
                 263                       9.068627 
                 264                       8.946078 
                 265                       8.946078 
                 266                       9.068627 
                 267                       9.068627 
                 268                       8.823529 
                 269                       8.823529 
                 270                       8.700980 
                 271                       8.946078 
                 272                       9.068627 
                 273                       8.946078 
                 274                       8.823529 
                 275                       9.068627 
                 276                       8.946078 
                 277                       8.823529 
                 278                       8.946078 
                 279                       9.068627 
                 280                       8.946078 
                 281                       9.068627 
                 282                       9.068627 
                 283                       8.946078 
                 284                       9.068627 
                 285                       8.946078 
                 286                       9.068627 
                 287                       8.946078 
                 288                       8.946078 
                 289                       9.068627 
                 290                       9.068627 
                 291                       8.946078 
                 292                       8.823529 
                 293                       9.068627 
                 294                       8.946078 
                 295                       8.823529 
                 296                       8.946078 
                 297                       8.823529 
                 298                       8.946078 
                 299                       9.068627 
                 300                       8.823529 
                 301                       8.946078 
                 302                       8.823529 
                 303                       8.823529 
                 304                       8.700980 
                 305                       8.946078 
                 306                       8.946078 
                 307                       8.823529 
                 308                       9.068627 
                 309                       8.946078 
                 310                       8.946078 
                 311                       8.823529 
                 312                       8.700980 
                 313                       8.823529 
                 314                       8.823529 
                 315                       8.946078 
                 316                       9.068627 
                 317                       8.700980 
                 318                       8.700980 
                 319                       8.700980 
                 320                       8.946078 
                 321                      10.784314 
                 322                      10.784314 
                 323                      10.661765 
                 324                      10.906863 
                 325                      10.784314 
                 326                      10.784314 
                 327                      10.906863 
                 328                      10.906863 
                 329                      10.539216 
                 330                      10.784314 
                 331                      10.661765 
                 332                      10.784314 
                 333                      10.784314 
                 334                      10.539216 
                 335                      10.784314 
                 336                      10.784314 
                 337                      10.661765 
                 338                      10.784314 
                 339                      10.906863 
                 340                      10.906863 
                 341                      10.906863 
                 342                      10.661765 
                 343                      10.784314 
                 344                      10.784314 
                 345                      10.661765 
                 346                      10.784314 
                 347                      10.906863 
                 348                      10.784314 
                 349                      10.906863 
                 350                      10.661765 
                 351                      10.784314 
                 352                      10.906863 
                 353                      10.906863 
                 354                      10.906863 
                 355                      10.906863 
                 356                      10.539216 
                 357                      10.906863 
                 358                      10.661765 
                 359                      10.294118 
                 360                      10.784314 
                 361                      10.906863 
                 362                      10.906863 
                 363                      10.661765 
                 364                      10.784314 
                 365                      10.661765 
                 366                      10.416667 
                 367                      10.906863 
                 368                      10.539216 
                 369                      10.906863 
                 370                      10.784314 
                 371                      10.906863 
                 372                      10.906863 
                 373                      10.906863 
                 374                      10.784314 
                 375                      10.906863 
                 376                      10.784314 
                 377                      10.906863 
                 378                      10.784314 
                 379                      10.906863 
                 380                      10.784314 
                 381                      10.906863 
                 382                      10.784314 
                 383                      10.784314 
                 384                      10.906863 
                 385                      12.622549 
                 386                      12.745098 
                 387                      12.500000 
                 388                      12.745098 
                 389                      12.745098 
                 390                      12.622549 
                 391                      12.867647 
                 392                      12.745098 
                 393                      12.745098 
                 394                      12.377451 
                 395                      12.867647 
                 396                      12.867647 
                 397                      12.867647 
                 398                      12.867647 
                 399                      12.867647 
                 400                      12.745098 
                 401                      12.867647 
                 402                      12.745098 
                 403                      12.867647 
                 404                      12.622549 
                 405                      12.745098 
                 406                      12.745098 
                 407                      12.867647 
                 408                      12.745098 
                 409                      12.622549 
                 410                      12.867647 
                 411                      12.500000 
                 412                      12.867647 
                 413                      12.867647 
                 414                      12.867647 
                 415                      12.867647 
                 416                      12.867647 
                 417                      12.745098 
                 418                      12.622549 
                 419                      12.500000 
                 420                      12.867647 
                 421                      12.622549 
                 422                      12.622549 
                 423                      12.867647 
                 424                      12.745098 
                 425                      12.622549 
                 426                      12.745098 
                 427                      12.745098 
                 428                      12.867647 
                 429                      12.745098 
                 430                      12.867647 
                 431                      12.622549 
                 432                      12.622549 
                 433                      12.745098 
                 434                      12.867647 
                 435                      12.745098 
                 436                      12.867647 
                 437                      12.867647 
                 438                      12.622549 
                 439                      12.745098 
                 440                      12.867647 
                 441                      12.867647 
                 442                      12.867647 
                 443                      12.745098 
                 444                      12.867647 
                 445                      12.867647 
                 446                      12.745098 
                 447                      12.622549 
                 448                      12.500000 
                 449                      14.338235 
                 450                      14.338235 
                 451                      14.460784 
                 452                      14.093137 
                 453                      14.338235 
                 454                      14.460784 
                 455                      14.338235 
                 456                      14.460784 
                 457                      14.215686 
                 458                      14.215686 
                 459                      14.338235 
                 460                      14.460784 
                 461                      14.215686 
                 462                      14.460784 
                 463                      14.460784 
                 464                      14.460784 
                 465                      14.338235 
                 466                      14.338235 
                 467                      14.460784 
                 468                      14.215686 
                 469                      14.338235 
                 470                      14.215686 
                 471                      13.848039 
                 472                      14.338235 
                 473                      14.460784 
                 474                      14.460784 
                 475                      14.338235 
                 476                      14.338235 
                 477                      14.093137 
                 478                      14.338235 
                 479                      14.460784 
                 480                      14.093137 
                 481                      14.460784 
                 482                      14.338235 
                 483                      14.460784 
                 484                      14.215686 
                 485                      14.460784 
                 486                      14.338235 
                 487                      14.338235 
                 488                      14.460784 
                 489                      14.460784 
                 490                      14.460784 
                 491                      14.460784 
                 492                      14.460784 
                 493                      14.338235 
                 494                      14.215686 
                 495                      14.338235 
                 496                      14.215686 
                 497                      14.460784 
                 498                      14.338235 
                 499                      14.460784 
                 500                      14.338235 
                 501                      14.338235 
                 502                      14.338235 
                 503                      14.215686 
                 504                      14.460784 
                 505                      14.460784 
                 506                      14.338235 
                 507                      14.338235 
                 508                      14.338235 
                 509                      14.338235 
                 510                      14.460784 
                 511                      14.338235 
                 512                      14.338235 
                 513                      16.053922 
                 514                      16.053922 
                 515                      16.176471 
                 516                      16.176471 
                 517                      16.053922 
                 518                      16.176471 
                 519                      16.299020 
                 520                      16.299020 
                 521                      16.176471 
                 522                      16.176471 
                 523                      16.176471 
                 524                      15.931373 
                 525                      16.053922 
                 526                      16.176471 
                 527                      16.053922 
                 528                      16.176471 
                 529                      16.299020 
                 530                      16.053922 
                 531                      16.299020 
                 532                      16.299020 
                 533                      16.176471 
                 534                      16.299020 
                 535                      15.931373 
                 536                      16.299020 
                 537                      16.299020 
                 538                      16.053922 
                 539                      16.053922 
                 540                      16.176471 
                 541                      16.176471 
                 542                      16.053922 
                 543                      16.176471 
                 544                      16.053922 
                 545                      16.053922 
                 546                      16.176471 
                 547                      16.299020 
                 548                      16.176471 
                 549                      16.176471 
                 550                      16.176471 
                 551                      16.176471 
                 552                      16.176471 
                 553                      16.299020 
                 554                      16.176471 
                 555                      16.176471 
                 556                      16.176471 
                 557                      16.053922 
                 558                      16.299020 
                 559                      16.176471 
                 560                      16.299020 
                 561                      16.176471 
                 562                      16.299020 
                 563                      16.176471 
                 564                      16.176471 
                 565                      16.053922 
                 566                      16.299020 
                 567                      16.176471 
                 568                      16.176471 
                 569                      16.299020 
                 570                      15.808824 
                 571                      16.053922 
                 572                      16.053922 
                 573                      16.299020 
                 574                      16.299020 
                 575                      16.176471 
                 576                      16.176471 
                 577                      17.647059 
                 578                      17.769608 
                 579                      17.892157 
                 580                      18.014706 
                 581                      18.014706 
                 582                      18.014706 
                 583                      18.137255 
                 584                      18.137255 
                 585                      18.014706 
                 586                      18.137255 
                 587                      17.647059 
                 588                      18.014706 
                 589                      18.014706 
                 590                      17.769608 
                 591                      17.892157 
                 592                      18.014706 
                 593                      18.014706 
                 594                      18.137255 
                 595                      17.892157 
                 596                      18.014706 
                 597                      18.014706 
                 598                      18.014706 
                 599                      17.892157 
                 600                      18.137255 
                 601                      18.014706 
                 602                      18.137255 
                 603                      17.892157 
                 604                      18.137255 
                 605                      18.014706 
                 606                      18.137255 
                 607                      17.892157 
                 608                      18.137255 
                 609                      18.014706 
                 610                      18.137255 
                 611                      18.014706 
                 612                      18.014706 
                 613                      18.137255 
                 614                      18.137255 
                 615                      18.014706 
                 616                      18.014706 
                 617                      18.137255 
                 618                      17.769608 
                 619                      17.892157 
                 620                      17.769608 
                 621                      18.014706 
                 622                      18.014706 
                 623                      18.137255 
                 624                      18.137255 
                 625                      18.014706 
                 626                      18.014706 
                 627                      18.137255 
                 628                      18.014706 
                 629                      18.014706 
                 630                      17.769608 
                 631                      18.137255 
                 632                      18.137255 
                 633                      18.014706 
                 634                      18.137255 
                 635                      18.014706 
                 636                      18.137255 
                 637                      18.014706 
                 638                      18.137255 
                 639                      18.014706 
                 640                      18.137255 
                 641                      20.098039 
                 642                      20.098039 
                 643                      19.852941 
                 644                      20.098039 
                 645                      20.098039 
                 646                      19.975490 
                 647                      20.098039 
                 648                      20.098039 
                 649                      19.852941 
                 650                      19.852941 
                 651                      19.852941 
                 652                      19.975490 
                 653                      20.098039 
                 654                      19.975490 
                 655                      19.975490 
                 656                      19.852941 
                 657                      19.975490 
                 658                      19.975490 
                 659                      20.098039 
                 660                      19.485294 
                 661                      19.975490 
                 662                      19.852941 
                 663                      19.975490 
                 664                      20.098039 
                 665                      19.852941 
                 666                      20.098039 
                 667                      19.852941 
                 668                      20.098039 
                 669                      19.852941 
                 670                      20.098039 
                 671                      19.975490 
                 672                      20.098039 
                 673                      20.098039 
                 674                      19.975490 
                 675                      19.607843 
                 676                      19.975490 
                 677                      20.098039 
                 678                      19.975490 
                 679                      19.852941 
                 680                      19.975490 
                 681                      19.975490 
                 682                      19.852941 
                 683                      19.975490 
                 684                      20.098039 
                 685                      19.975490 
                 686                      19.975490 
                 687                      19.975490 
                 688                      19.975490 
                 689                      20.098039 
                 690                      20.098039 
                 691                      20.098039 
                 692                      20.098039 
                 693                      20.098039 
                 694                      20.098039 
                 695                      20.098039 
                 696                      19.975490 
                 697                      19.975490 
                 698                      19.852941 
                 699                      19.975490 
                 700                      19.852941 
                 701                      19.975490 
                 702                      19.852941 
                 703                      19.975490 
                 704                      20.098039 
                 705                      21.936275 
                 706                      21.936275 
                 707                      21.936275 
                 708                      22.058824 
                 709                      22.058824 
                 710                      22.058824 
                 711                      21.936275 
                 712                      22.058824 
                 713                      21.936275 
                 714                      22.058824 
                 715                      21.691176 
                 716                      22.058824 
                 717                      21.813725 
                 718                      22.058824 
                 719                      21.936275 
                 720                      21.936275 
                 721                      22.058824 
                 722                      22.058824 
                 723                      21.691176 
                 724                      22.058824 
                 725                      21.568627 
                 726                      22.058824 
                 727                      22.058824 
                 728                      21.813725 
                 729                      21.813725 
                 730                      21.936275 
                 731                      22.058824 
                 732                      21.936275 
                 733                      21.813725 
                 734                      21.936275 
                 735                      21.936275 
                 736                      21.936275 
                 737                      21.813725 
                 738                      21.936275 
                 739                      21.936275 
                 740                      21.813725 
                 741                      21.813725 
                 742                      22.058824 
                 743                      21.813725 
                 744                      21.936275 
                 745                      22.058824 
                 746                      22.058824 
                 747                      21.936275 
                 748                      22.058824 
                 749                      22.058824 
                 750                      21.936275 
                 751                      22.058824 
                 752                      21.936275 
                 753                      22.058824 
                 754                      21.936275 
                 755                      21.936275 
                 756                      22.058824 
                 757                      22.058824 
                 758                      21.813725 
                 759                      21.936275 
                 760                      21.813725 
                 761                      21.936275 
                 762                      21.813725 
                 763                      22.058824 
                 764                      21.936275 
                 765                      21.936275 
                 766                      21.936275 
                 767                      22.058824 
                 768                      22.058824 
                 769                      24.019608 
                 770                      23.897059 
                 771                      24.019608 
                 772                      23.774510 
                 773                      23.897059 
                 774                      24.019608 
                 775                      24.019608 
                 776                      24.019608 
                 777                      23.774510 
                 778                      24.019608 
                 779                      23.651961 
                 780                      23.651961 
                 781                      23.897059 
                 782                      23.774510 
                 783                      24.019608 
                 784                      23.897059 
                 785                      23.897059 
                 786                      23.897059 
                 787                      24.019608 
                 788                      23.897059 
                 789                      24.019608 
                 790                      23.651961 
                 791                      24.019608 
                 792                      23.897059 
                 793                      23.774510 
                 794                      23.774510 
                 795                      23.897059 
                 796                      23.897059 
                 797                      24.019608 
                 798                      23.897059 
                 799                      24.019608 
                 800                      23.897059 
                 801                      23.774510 
                 802                      23.774510 
                 803                      23.897059 
                 804                      23.897059 
                 805                      24.019608 
                 806                      24.019608 
                 807                      23.897059 
                 808                      23.774510 
                 809                      23.651961 
                 810                      23.774510 
                 811                      24.019608 
                 812                      23.897059 
                 813                      24.019608 
                 814                      23.897059 
                 815                      23.897059 
                 816                      24.019608 
