Number of Bits on Plaintext:    816

___________________________________________________________

Avalanche Effect (Key)
___________________________________________________________

Key Bit Change        Ciphertext Bit Change (%)
----------------------------------------------------------
             1                      23.284314 
             2                      23.651961 
             3                      23.406863 
             4                      24.264706 
             5                      23.529412 
             6                      24.387255 
             7                      23.897059 
             8                      23.897059 
             9                      23.897059 
            10                      23.651961 
            11                      24.019608 
            12                      23.284314 
            13                      23.284314 
            14                      23.774510 
            15                      23.774510 
            16                      23.774510 
            17                      23.651961 
            18                      24.019608 
            19                      23.897059 
            20                      24.754902 
            21                      23.529412 
            22                      23.774510 
            23                      23.529412 
            24                      23.529412 
            25                      24.019608 
            26                      23.651961 
            27                      24.264706 
            28                      24.142157 
            29                      24.019608 
            30                      24.264706 
            31                      23.284314 
            32                      23.284314 
            33                      24.019608 
            34                      23.651961 
            35                      23.406863 
            36                      23.897059 
            37                      24.264706 
            38                      24.754902 
            39                      24.142157 
            40                      24.142157 
            41                      23.284314 
            42                      23.897059 
            43                      23.039216 
            44                      24.387255 
            45                      23.897059 
            46                      24.142157 
            47                      24.142157 
            48                      24.142157 
            49                      23.897059 
            50                      24.019608 
            51                      23.774510 
            52                      24.264706 
            53                      24.264706 
            54                      23.774510 
            55                      24.877451 
            56                      24.877451 
            57                      23.774510 
            58                      24.019608 
            59                      23.406863 
            60                      23.897059 
            61                      24.264706 
            62                      23.651961 
            63                      24.877451 
            64                      24.877451 
